1.47630814 0.77023603 3.71739315
1.31855642 0.69785117 3.71447325
1.20137579 0.75101823 3.71188011
1.50681626 0.7029285 3.74412078
1.5497668 0.83561129 3.71934608
1.59086339 0.78024969 3.72383765
1.49181725 0.89972138 3.71049098
1.49181725 0.89972138 3.71049098
1.49181725 0.89972138 3.71049098
1.64153548 0.92363881 3.70604527
1.61134771 0.82692553 3.7045911
1.49561602 0.74101753 3.71400823
1.48367531 0.83035525 3.70659447
1.49646565 0.86372055 3.70897932
1.32663965 0.72327394 3.69684726
1.60005614 0.89104239 3.68658062
1.58837013 0.85207265 3.69674365
1.66143906 0.74409847 3.70836298
1.73828691 0.69034631 3.72473495
1.46936171 0.81191184 3.70953963
1.46431695 0.72016051 3.70165653
1.63421059 0.7486731 3.71964631
1.62037271 0.78372459 3.71252209
1.48013304 0.71187941 3.70200843
1.55082563 0.757004 3.70586068
1.47600636 0.75963036 3.70725647
1.38148249 0.76039406 3.70742714
1.38148249 0.76039406 3.70742714
1.38148249 0.76039406 3.70742714
1.41470961 0.75390523 3.70446977
1.48027815 0.75248312 3.70512443
1.48027815 0.75248312 3.70512443
1.42034617 0.93146894 3.68117957
1.40765597 0.8992081 3.67895408
1.39734331 0.86667811 3.67650934
1.41785905 0.78785557 3.69505258
1.31340435 0.75339842 3.68919321
1.41785905 0.78785557 3.69505258
1.39942004 0.66227482 3.69150578
1.43275512 0.79470907 3.70641958
1.41615771 0.7766278 3.69462444
